Entrez
100132074
55616
441608
504189
10891
5985
7515
7514
3996
3993
3991
7518
51283
392376
6794
6795
6792
6790
2317
26476
55589
441670
3779
3778
4654
4659
140890
26693
2268
2263
2260
2264
2444
9254
9252
57472
7867
109
2047
152926
2042
2049
57057
10636
85437
51265
10413
10146
53358
11266
10381
10380
9322
390445
390442
9324
9325
54952
84699
58985
55760
7262
5292
54776
3018
390199
91
90
93
92
9748
390195
390197
5187
1997
403277
403278
83903
51776
390036
8835
10369
84271
558
2868
2869
9181
390064
390066
390067
390061
390063
1198
390264
390265
79004
390260
390261
1192
1195
7072
1196
57099
8161
5533
5532
5531
5537
5535
5534
11165
91661
11163
7189
8767
29101
7186
8388
8387
8386
8383
283093
23619
8544
119687
119682
7454
7458
8493
8491
219447
409
25946
23126
10766
504191
504190
286151
2318
7520
51079
7529
51295
94235
6925
396
2309
2308
10973
6787
341418
6789
6788
4342
26492
26493
27148
26496
26494
3749
3745
55802
4627
249
248
81341
2274
57664
2273
124923
219484
5204
9533
57407
7852
56911
56915
56916
7855
2057
3692
9406
10626
10627
10152
10403
9330
10155
391196
22800
3595
10393
10398
22808
391109
341276
134083
2768
54962
54961
90673
8590
2697
25865
2690
54984
1974
390181
122809
219473
10572
391211
7320
1616
1965
58190
1967
1612
2872
2870
26155
390072
390077
390075
390079
390078
801
390275
11331
390271
7068
7067
1760
83605
1147
23049
5509
5506
5507
5504
5502
5500
5501
26529
23235
699
26707
11116
83737
29118
545
29110
143502
23604
89801
127385
9984
5618
7442
196335
5613
5610
55109
5616
1388
1385
219453
23283
28227
153527
55323
55320
80824
8444
8445
65982
8440
26737
4287
10335
51599
390433
7538
369
55036
7534
7536
7531
390538
55746
387
6774
4751
4752
6777
64858
64859
6773
5871
170463
5878
5879
64109
3751
81285
3753
392138
81282
4633
4637
4636
148327
2203
81608
2209
6689
51135
57410
9506
79837
219858
3688
26353
135946
84107
6194
6195
6196
6197
6198
6199
2735
2736
2737
135941
9611
5296
5294
5295
135948
5293
5290
5291
391112
5058
10368
9180
391114
9189
7205
6224
126541
10768
26959
390648
390649
9760
390882
390883
122011
7336
7335
7334
84254
7332
1978
1977
1975
4160
808
8853
8851
805
728461
138882
138883
138881
3320
10217
3326
10212
390084
390083
390081
10188
1158
11016
5519
5518
26735
5511
5515
51496
5516
2998
25898
11100
3032
52
83700
29904
91442
8031
23676
23678
5604
5607
5606
5601
5600
5603
5602
2997
1080
5608
204
219464
11037
11035
219469
1399
1398
1397
158931
103910
283748
8458
6426
6427
442361
4296
6428
6429
127623
131890
392391
55269
81565
55796
150290
55799
390113
51631
84812
4747
5869
5860
56848
55869
4609
4602
56940
2212
2215
6452
81168
402317
6697
153
155
154
157
156
219865
219869
6342
4988
8527
340719
6181
200576
6188
5289
9600
199777
9604
100124696
22823
3783
3784
94104
1809
1808
10772
4994
4995
4992
4993
4991
6237
89790
80010
441933
390190
9479
83931
390191
9775
93953
8864
7301
8863
29085
818
7738
810
814
815
816
817
1523
5463
7046
7041
7042
5469
5468
7048
390093
5261
5260
129401
2091
252884
285613
8605
79295
79290
54039
3020
1018
1019
29915
8737
1017
1234
8517
1237
1230
1232
1233
8048
4194
4193
8284
197259
4352
25970
219477
11004
6502
219479
200186
79612
79345
402135
4905
65056
26531
93589
26533
26532
26534
23244
26538
8352
55012
6430
5701
5702
23396
92181
23399
60313
4776
4775
26284
4170
6757
9943
56478
55657
256892
51806
56656
57787
51808
4618
238
55872
128371
4613
57659
993
5062
5924
5925
5923
5929
81392
57804
81399
121364
219875
219874
219873
219870
3400
147929
1058
64121
2535
128366
128367
128360
128368
7957
8986
7225
3344
10691
5071
1831
138799
9564
2153
9569
10741
10524
9341
252969
9700
403239
9706
8871
8870
255725
7319
8874
8877
83439
7314
7448
824
821
138151
7030
1487
7035
7037
5494
5495
5496
54331
3300
58494
5256
5257
5255
1271
648044
83541
11122
11124
151742
79753
9578
3014
8721
158809
8725
4188
624
729759
5663
8294
5664
283189
25989
2887
219487
7490
2889
219482
26664
7494
8614
23012
23016
126353
23239
8479
26524
26528
8476
8471
283297
19
7766
7760
155061
6741
84838
26716
120775
27102
120776
11244
11243
55669
5802
5801
55844
116379
207
55681
204851
338751
26188
26189
119764
119765
140609
4150
5934
5933
3577
389090
6050
7812
3658
140465
85464
9782
64151
8968
26273
121130
5063
128372
283092
4882
84991
9175
10681
1827
1820
1822
2145
6258
2140
53944
2669
6256
2149
3276
58158
9712
835
8880
8881
4221
4222
5587
27
399694
3312
3315
3316
784
785
786
780
781
782
783
441911
130075
60
7798
3000
7791
1033
57546
284433
23648
23139
282770
23641
23645
9451
7484
7481
7480
7483
7482
9391
2890
2893
2892
8660
1455
1456
1457
1452
1453
143471
1459
91947
4082
4084
4085
4086
4087
4088
4089
8408
3184
11329
5728
6418
51008
9815
6416
51552
6732
6733
8312
8313
4794
192111
4792
4793
5837
5834
4154
5831
28984
64781
55503
55690
2139
119774
6640
119772
29945
5901
5906
8651
5908
5909
7803
3480
10133
554313
3643
26246
26245
26248
100506012
390429
4893
2771
121129
2775
2776
9149
9493
6262
6261
1850
1852
1855
1856
1857
81029
254879
100506164
387748
7525
2645
10783
3265
1936
3269
1938
846
22983
842
841
3460
440275
8893
7374
53335
167359
255189
100528016
390201
7019
7013
120787
284532
347468
284086
6885
2959
6881
91392
1025
1027
1026
343172
5341
343171
1028
29935
83988
8079
602
283365
59341
30819
30818
283162
283160
26648
11072
8899
86614
1111
638
340980
1112
639
79310
23035
79317
6331
4093
4092
4091
4090
10971
158131
126370
23583
488
486
11315
483
482
481
144125
5554
51010
7580
113130
25836
282763
4998
341416
390892
392309
378708
6722
6721
6720
23367
26472
11269
4149
4145
11267
4140
8099
6093
119749
81127
6657
6654
135924
51764
51765
92002
65975
10803
140809
57118
196
219493
64682
1454
2549
57593
1104
57209
56339
3581
390439
5000
9150
57573
3587
3588
390431
390437
390436
2764
6324
150681
7307
1849
1848
1843
1840
1847
1846
1845
1844
9551
81050
9552
390327
390326
9733
390323
390321
5162
10798
7343
5139
7341
3297
5132
163688
3454
3455
3459
54819
54816
10248
10242
9024
7003
9021
9020
7006
5223
284521
8900
8563
285659
745
3066
3069
7178
1050
1051
23636
5350
79760
343169
613
8798
26658
26659
8792
284383
29066
8648
5465
338755
29068
390152
50485
8428
2597
5747
490
491
492
493
25
5584
5585
5582
5583
5580
9833
9830
5588
79541
25824
79544
23118
8332
8330
8336
51684
219429
4139
9904
55170
343406
4137
3845
65018
393046
64764
55521
253314
441669
6667
25759
55233
3665
3667
3663
64506
56980
401427
130399
56341
57567
3590
3597
9126
3594
5037
10657
3598
57569
4435
1870
1871
596
26135
6046
6047
2114
2115
54487
26469
5108
10018
9586
124538
10011
3280
868
441308
863
862
125958
10499
2023
57369
10494
10492
10273
54665
152110
83694
10472
2625
254786
84365
254783
775
776
779
778
6868
71
3059
3054
3055
5362
5361
10019
390174
391107
4303
4301
79684
147746
668
1263
661
660
138804
138805
138802
138803
10399
7475
256144
256148
1465
440153
1460
8431
51564
6915
343563
51567
23567
4233
5591
5590
5593
5592
5595
5594
5597
5599
89780
7726
311
51692
11200
8329
8325
8324
8326
8321
8323
8322
10714
101930123
5688
5687
55558
120796
120793
79501
6672
81697
81696
283159
27254
7289
50615
27094
27097
27091
27092
5971
5970
5976
3611
56995
2294
23543
25780
56288
116444
116443
166614
25771
9133
7291
391189
9134
341152
1869
3726
3727
10951
53904
4938
341799
7533
57175
5576
2100
2107
31
80095
10000
324
54471
387082
79844
100287932
54877
22950
10488
2033
57396
4842
10262
894
898
401994
401993
401992
5208
142679
80306
10084
1788
11190
10087
2960
2969
3306
7117
5148
390168
390162
1072
1073
390167
346525
1674
346528
254973
30827
8224
675
672
673
84364
79324
1326
8682
8683
4208
8681
6455
4108
4205
5568
245711
162998
5565
5566
5567
5562
5563
1524
23171
23175
50804
309
3958
3953
302
8358
11213
11211
11216
4111
8350
8351
11218
8353
8354
8355
8356
8357
6431
51426
51422
7421
7428
56165
127059
9261
55544
6601
6605
6606
6607
6608
10856
26339
26338
81448
27247
26333
81442
2770
5786
5780
5782
65108
5789
3601
266740
6118
57761
6117
10923
10922
10921
2353
10929
27330
2357
2354
121275
7932
9459
391192
391191
391190
64410
9103
391195
391194
4691
81061
4921
7976
57498
79927
2138
79871
5914
85366
5161
10073
5163
5164
5165
53832
2786
9212
9213
54862
3429
54861
54866
81628
6330
90993
6332
2005
84163
10298
10290
10451
10454
10459
10106
387893
80333
84307
142685
11183
2913
11184
715
1796
54738
84433
390154
390155
390157
390151
167826
7124
1069
1068
5300
5305
5307
593
157855
6597
598
123745
26689
2829
11059
26683
26682
2826
26686
2823
7638
3385
91754
51728
1409
1408
5134
1407
4215
4214
4217
4216
79660
5778
9846
6934
5771
8697
5774
5579
5578
5577
32
5575
5571
640
646
648
5129
23327
127933
91807
334
4105
79339
8342
10420
11221
5127
51434
51343
51433
7410
7416
7414
7415
8359
92597
127062
127064
127066
22981
127068
127069
6612
6615
1020
23439
143503
441639
51231
341568
10848
81472
81470
4070
5797
5795
5792
5791
55970
81788
26211
26212
26219
340156
93408
27345
27347
10933
56000
9448
9111
9110
9113
9444
57026
3702
2120
81099
948
4916
4914
4915
4660
940
81309
81300
403282
403284
9203
22933
125963
125962
56270
56957
56950
4869
6323
10663
84153
84152
2017
2011
246184
9064
10287
10285
220992
9667
10110
147808
3563
84335
3566
22848
84330
3568
22843
10594
5598
80326
54926
8976
2903
2902
54700
2906
2905
2904
2909
390142
390144
390148
87
81706
5311
5316
8805
1656
84867
26696
26692
581
164153
30849
8751
143496
10362
2833
122953
347344
1434
1387
1432
3397
390038
390037
3398
1438
1439
149420
79054
79050
5236
59285
59284
23081
59283
11156
26740
442191
442194
657
1500
338662
658
659
8370
23339
8379
11238
8576
5894
119678
119679
340371
51406
219417
79473
7409
4666
127077
127074
29895
81466
81469
26595
322
51086
326
9891
3977
3978
65125
392390
81797
392392
286365
286362
120586
78986
10948
219983
219982
219981
150084
219986
56033
3716
6446
9470
3718
9475
219965
90338
219960
219968
6000
4678
4673
144124
81318
57634
57144
2241
2242
57147
995
994
997
996
990
10059
5140
81887
22920
5347
22926
121504
343173
1022
56924
10611
7222
26000
2792
2793
2790
2791
2066
122748
122742
122740
7247
3579
22858
3575
5092
5094
3570
7249
3572
162655
8969
2665
163702
6829
2932
2931
5326
5321
5328
403257
1647
403253
1642
1649
346517
578
5753
283455
3164
5430
7099
10667
4985
468
467
466
9869
51529
10746
5558
338675
338674
11140
25850
442184
442186
6775
283694
100533105
59345
8361
8360
8363
8362
8365
8364
8367
8366
8368
5881
5880
5887
51412
5888
8569
6554
6558
5979
7478
7479
25920
3183
219428
7471
7472
7473
7474
3189
7476
7477
51384
55359
26341
23451
6635
51701
7507
9882
51096
3984
3985
11178
1447
150094
1445
4708
120065
120066
55596
3761
219952
219954
219956
219957
219958
219959
6011
6010
80230
80237
149233
81328
8878
81327
9263
2475
57460
9266
134510
5156
115
401665
401667
401666
22916
119
2785
2787
53833
2781
2783
139728
2788
10603
2071
2077
6300
10963
10137
9088
54899
53632
9647
10425
7272
5089
22864
54434
54439
5330
5332
5335
57862
5336
23624
26539
79109
1983
5739
54704
23589
54386
480
100137049
347169
347168
29959
283111
3178
225689
3172
3175
390059
390058
7082
7088
390054
84464
282775
728
23533
6464
23538
5520
5521
5522
5523
5525
5526
5527
5528
5529
338599
6945
6944
48
25847
11179
7297
5997
8394
8395
8396
219438
8390
8392
51460
8550
8556
8555
93650
119694
119695
119692
23621
6546
790
472
7469
477
3190
219437
219436
478
25937
25930
219432
219431
